
X1(1).Color= [0, 0.4470, 0.7410]; %  Control
X2(1).Color= [0.3010, 0.7450, 0.9330] % 6 
X3(1).Color= [0.4940, 0.1840, 0.5560] % 12
X4(1).Color= [0.4660, 0.6740, 0.1880] % 18
X5(1).Color= [0.9290, 0.6940, 0.1250]; % 25
X6(1).Color= [0.6300, 0.41, 0.0980]; % 50
X7(1).Color= [0.8350, 0.21, 0.2840] % 75
X8(1).Color= [0.95, 0.05, 0.05] % 100


